service_id,monday,tuesday,wednesday,thursday,friday,saturday,sunday,start_date,end_date
ATS 21_22-NG_SH-Weekday-01,1,1,1,1,1,0,0,20210819,20210819
ATS 21_22-NG_SH-Weekend-01,0,0,0,0,0,1,1,20210821,20211003
ATS 21_22-NG_SH-Weekend-01-0000010,0,0,0,0,0,1,0,20210821,20211003
ATS 21_22-INNER-Weekday-01,1,1,1,1,1,0,0,20210823,20210914
ATS 21_22-FG_NG-Weekday-01,1,1,1,1,1,0,0,20210825,20210915
ATS 21_22-BH_NG-Weekday-01,1,1,1,1,1,0,0,20210826,20210826
ATS 21_22-NORTH-Saturday-01,0,0,0,0,0,1,0,20210828,20210828
ATS 21_22-NORTH-Sunday-01,0,0,0,0,0,0,1,20210829,20210829
ATS 21_22-YEE_PKR-Weekday-01,1,1,1,1,1,0,0,20210830,20210903
ATS 21_22-YEE_PKR-Weekday-01-0000100,0,0,0,0,1,0,0,20210830,20210903
ATS 21_22-OUTER-Weekend-02,0,0,0,0,0,1,1,20210904,20210905
ATS 21_22-OUTER-Weekend-02-0000010,0,0,0,0,0,1,0,20210904,20210905
ATS 21_22-PKR_KUR-Weekday-01,1,1,1,1,1,0,0,20210906,20210906
BBL 21_22-BBL_WD-Weekday-01,1,1,1,1,1,0,0,20210819,20211018
BCC 21_22-BCC_FUL-M-Tu-W-Th-01,1,1,1,1,0,0,0,20210819,20211018
BCC 21_22-BCC_FUL-M-Tu-W-Th-01-0110000,0,1,1,0,0,0,0,20210819,20211018
BCC 21_22-BCC_FUL-Friday-01,0,0,0,0,1,0,0,20210820,20211015
BCC 21_22-BCC_SAT-Saturday-01,0,0,0,0,0,1,0,20210821,20211016
BCC 21_22-BCC_SUN-Sunday-01,0,0,0,0,0,0,1,20210822,20211017
BITS 21_22-Covid_WD-Weekday-00,1,1,1,1,1,0,0,20210819,20211018
BITS 21_22-Covid_WD-Weekday-00-0000100,0,0,0,0,1,0,0,20210819,20211018
BITS 21_22-Covi_SAT-Saturday-00,0,0,0,0,0,1,0,20210821,20211016
BITS 21_22-Covi_SUN-Sunday-00,0,0,0,0,0,0,1,20210822,20211017
BITS 21_22-Covi_HSC-Weekday-00,1,1,1,1,1,0,0,20210903,20211001
BITS 21_22-Covi_HSC-Weekday-00-0000100,0,0,0,0,1,0,0,20210903,20211001
CDC 21_22-CDC-Weekday-02,1,1,1,1,1,0,0,20210819,20211018
BT 21_22-AUG_FUL-Weekday-01,1,1,1,1,1,0,0,20210819,20211018
BT 21_22-AUG_FUL-Weekday-01-0000100,0,0,0,0,1,0,0,20210819,20211018
BT 21_22-AUG_FUL-Weekday-01-1000000,1,0,0,0,0,0,0,20210819,20211018
BT 21_22-AUG_FUL-Weekday-01-0111100,0,1,1,1,1,0,0,20210819,20211018
BT 21_22-AUG_FUL-Saturday-01,0,0,0,0,0,1,0,20210821,20211016
BT 21_22-AUG_FUL-Sunday-01,0,0,0,0,0,0,1,20210822,20211017
BT 21_22-109-Weekday-00,1,1,1,1,1,0,0,20210830,20210903
BT 21_22-109-Weekday-00-0000100,0,0,0,0,1,0,0,20210830,20210903
BT 21_22-109-Weekday-00-1000000,1,0,0,0,0,0,0,20210830,20210903
BT 21_22-109-Weekday-00-0111100,0,1,1,1,1,0,0,20210830,20210903
BT 21_22-AUG_HSC-Weekday-01,1,1,1,1,1,0,0,20210920,20210924
BT 21_22-AUG_HSC-Weekday-01-0000100,0,0,0,0,1,0,0,20210920,20210924
BT 21_22-AUG_UNSO-Weekday-01,1,1,1,1,1,0,0,20210927,20211001
BT 21_22-AUG_UNSO-Weekday-01-0000100,0,0,0,0,1,0,0,20210927,20211001
BT 21_22-AUG_PH-Sunday-01,0,0,0,0,0,0,1,20211004,20211004
CBL 21_22-TEMP_FUL-Weekday-04,1,1,1,1,1,0,0,20210819,20211018
CBL 21_22-TEMP_FUL-Weekday-04-0001000,0,0,0,1,0,0,0,20210819,20211018
CBL 21_22-TEMP_SAT-Saturday-04,0,0,0,0,0,1,0,20210821,20211016
CBL 21_22-TEMP_SUN-Sunday-04,0,0,0,0,0,0,1,20210822,20211017
CBL 21_22-TEMP_HSC-Weekday-04,1,1,1,1,1,0,0,20210903,20211001
CBL 21_22-TEMP_HSC-Weekday-04-0001000,0,0,0,1,0,0,0,20210903,20211001
GCLR 21_22-PLTF M-T-M-Tu-W-Th-03,1,1,1,1,0,0,0,20210819,20211018
GCLR 21_22-PLTF Fri-Friday-03,0,0,0,0,1,0,0,20210820,20211015
GCLR 21_22-PLTF Sat-Saturday-04,0,0,0,0,0,1,0,20210821,20211016
GCLR 21_22-PLTF Sun-Sunday-02,0,0,0,0,0,0,1,20210822,20211017
GCLR 21_22-GCShwFri-Friday-04,0,0,0,0,1,0,0,20210827,20210827
GCLR 21_22-GCShwSat-Saturday-05,0,0,0,0,0,1,0,20210828,20210828
GCLR 21_22-GCShwSun-Sunday-03,0,0,0,0,0,0,1,20210829,20210829
HBL 21_22-HBL_FUL-Weekday-02,1,1,1,1,1,0,0,20210819,20211018
HBL 21_22-HBL_SAT-Saturday-02,0,0,0,0,0,1,0,20210821,20211016
HBL 21_22-HBL_SUN-Sunday-02,0,0,0,0,0,0,1,20210822,20211017
HBL 21_22-HBL_HOL-Weekday-02,1,1,1,1,1,0,0,20210903,20211001
HBL 21_22-HBL_SuPH-Sunday-02,0,0,0,0,0,0,1,20211004,20211004
KBL 21_22-TMP_FUL-Weekday-03,1,1,1,1,1,0,0,20210819,20210827
KBL 21_22-TMP_SAT-Saturday-03,0,0,0,0,0,1,0,20210821,20210828
KBL 21_22-TMP_SUN-Sunday-03,0,0,0,0,0,0,1,20210822,20210829
KBL 21_22-TMP_FUL-Weekday-04,1,1,1,1,1,0,0,20210830,20211018
KBL 21_22-TMP_HOL-Weekday-04,1,1,1,1,1,0,0,20210903,20211001
KBL 21_22-TMP_SAT-Saturday-04,0,0,0,0,0,1,0,20210904,20211016
KBL 21_22-TMP_SUN-Sunday-04,0,0,0,0,0,0,1,20210905,20211017
LBS 21_22-LBS_WD-Weekday-00,1,1,1,1,1,0,0,20210819,20211018
LBS 21_22-LBS_SAT-Saturday-00,0,0,0,0,0,1,0,20210821,20211016
LBS 21_22-LBS_SUN-Sunday-00,0,0,0,0,0,0,1,20210822,20211017
LCBS 21_22-LCBS_FUL-Weekday-02,1,1,1,1,1,0,0,20210819,20211018
LCBS 21_22-LCBS_FUL-Weekday-02-0001000,0,0,0,1,0,0,0,20210819,20211018
LCBS 21_22-LCBS_FUL-Weekday-02-0000100,0,0,0,0,1,0,0,20210819,20211018
LCBS 21_22-LCBS_SAT-Saturday-02,0,0,0,0,0,1,0,20210821,20211016
LCBS 21_22-LCBS_SUN-Sunday-02,0,0,0,0,0,0,1,20210822,20211017
LCBS 21_22-LCBS_HSC-Weekday-02,1,1,1,1,1,0,0,20210903,20211001
LCBS 21_22-LCBS_HSC-Weekday-02-0001000,0,0,0,1,0,0,0,20210903,20211001
LCBS 21_22-LCBS_HSC-Weekday-02-0000100,0,0,0,0,1,0,0,20210903,20211001
LCBS 21_22-LCBS_PH-Sunday-02,0,0,0,0,0,0,1,20211004,20211004
LOGC 21_22-LOGC_FUL-Weekday-01,1,1,1,1,1,0,0,20210819,20211018
LOGC 21_22-LOGC_SAT-Saturday-01,0,0,0,0,0,1,0,20210821,20211016
MGB 21_22-MGB_FUL-Weekday-01,1,1,1,1,1,0,0,20210819,20210917
MGB 21_22-MGB_SAT-Saturday-01,0,0,0,0,0,1,0,20210821,20210918
MGB 21_22-MGB_SUN-Sunday-01,0,0,0,0,0,0,1,20210822,20210919
MGB 21_22-MGB_HSC-Weekday-01,1,1,1,1,1,0,0,20210903,20210903
MGB 21_22-MGB_HSC-Weekday-02,1,1,1,1,1,0,0,20210920,20211001
MGB 21_22-MGB_SAT-Saturday-02,0,0,0,0,0,1,0,20210925,20211016
MGB 21_22-MGB_SUN-Sunday-02,0,0,0,0,0,0,1,20210926,20211017
MGB 21_22-MGB_FUL-Weekday-02,1,1,1,1,1,0,0,20211005,20211018
PRT 21_22-PRT_FUL-Weekday-01,1,1,1,1,1,0,0,20210819,20210910
PRT 21_22-PRT_SAT-Saturday-01,0,0,0,0,0,1,0,20210821,20210911
PRT 21_22-PRT_SUN-Sunday-01,0,0,0,0,0,0,1,20210822,20210912
PRT 21_22-PRT_HSC-Weekday-01,1,1,1,1,1,0,0,20210903,20210903
PRT 21_22-PRT_FUL-Weekday-02,1,1,1,1,1,0,0,20210913,20210917
PRT 21_22-PRT_SAT-Saturday-02,0,0,0,0,0,1,0,20210918,20210918
PRT 21_22-PRT_SUN-Sunday-02,0,0,0,0,0,0,1,20210919,20210919
PRT 21_22-PRT_HSC-Weekday-03,1,1,1,1,1,0,0,20210920,20211001
PRT 21_22-PRT_SAT-Saturday-03,0,0,0,0,0,1,0,20210925,20211016
PRT 21_22-PRT_SUN-Sunday-03,0,0,0,0,0,0,1,20210926,20211017
PRT 21_22-PRT_FUL-Weekday-03,1,1,1,1,1,0,0,20211005,20211018
QR 21_22-TC210819-M-Tu-W-Th-00,1,1,1,1,0,0,0,20210819,20210819
QR 21_22-TC210820-Friday-00,0,0,0,0,1,0,0,20210820,20210820
QR 21_22-TC210821-Saturday-00,0,0,0,0,0,1,0,20210821,20210821
QR 21_22-TC210822-Sunday-00,0,0,0,0,0,0,1,20210822,20210822
QR 21_22-TC210823-M-Tu-W-Th-01,1,1,1,1,0,0,0,20210823,20210824
QR 21_22-TC210825-M-Tu-W-Th-01,1,1,1,1,0,0,0,20210825,20210825
QR 21_22-TC210826-M-Tu-W-Th-01,1,1,1,1,0,0,0,20210826,20210826
QR 21_22-QRMTP_Fr-Friday-00,0,0,0,0,1,0,0,20210827,20211015
QR 21_22-TC210828-Saturday-00,0,0,0,0,0,1,0,20210828,20210828
QR 21_22-TC210829-Sunday-00,0,0,0,0,0,0,1,20210829,20210829
QR 21_22-TC210830-M-Tu-W-Th-00,1,1,1,1,0,0,0,20210830,20210902
QR 21_22-TC210903-Friday-00,0,0,0,0,1,0,0,20210903,20210903
QR 21_22-TC210904-Saturday-00,0,0,0,0,0,1,0,20210904,20210904
QR 21_22-TC210905-Sunday-00,0,0,0,0,0,0,1,20210905,20210905
QR 21_22-TC210906-M-Tu-W-Th-00,1,1,1,1,0,0,0,20210906,20210906
QR 21_22-QRMTP_WD-M-Tu-W-Th-00,1,1,1,1,0,0,0,20210907,20211018
QR 21_22-TC210911-Saturday-00,0,0,0,0,0,1,0,20210911,20210911
QR 21_22-TC210912-Sunday-00,0,0,0,0,0,0,1,20210912,20210912
QR 21_22-TC210913-M-Tu-W-Th-00,1,1,1,1,0,0,0,20210913,20210914
QR 21_22-TC210915-M-Tu-W-Th-00,1,1,1,1,0,0,0,20210915,20210915
QR 21_22-QRMTP_Sa-Saturday-00,0,0,0,0,0,1,0,20210918,20211016
QR 21_22-QRMTP_Su-Sunday-00,0,0,0,0,0,0,1,20210919,20211017
SBL 21_22-SB_MTh_s-M-Tu-W-Th-05,1,1,1,1,0,0,0,20210819,20210826
SBL 21_22-SB_Fri_s-Friday-05,0,0,0,0,1,0,0,20210820,20210820
SBL 21_22-SB_Sat-Saturday-05,0,0,0,0,0,1,0,20210821,20210828
SBL 21_22-SB_Sun-Sunday-05,0,0,0,0,0,0,1,20210822,20210829
SBL 21_22-SB_SHOW-Sunday-05,0,0,0,0,0,0,1,20210827,20210827
SBL 21_22-SB_MTh_s-M-Tu-W-Th-04,1,1,1,1,0,0,0,20210830,20211018
SBL 21_22-SB_Fri_h-Friday-04,0,0,0,0,1,0,0,20210903,20211001
SBL 21_22-SB_Sat-Saturday-04,0,0,0,0,0,1,0,20210904,20211016
SBL 21_22-SB_Sun-Sunday-04,0,0,0,0,0,0,1,20210905,20211017
SBL 21_22-SB_Fri_s-Friday-04,0,0,0,0,1,0,0,20210910,20211015
SBL 21_22-SB_MTh_h-M-Tu-W-Th-04,1,1,1,1,0,0,0,20210920,20210930
SBL_EVENT-TX7_Hol-Saturday-04,0,0,0,0,0,1,0,20210918,20211002
SBL_EVENT-TX7_Hol-Sunday-04,0,0,0,0,0,0,1,20210919,20211004
SBL_EVENT-TX7_Hol-Weekday-04,1,1,1,1,1,0,0,20210920,20211001
SUN 21_22-SUN_MFs-Weekday-01,1,1,1,1,1,0,0,20210819,20210827
SUN 21_22-SUN_MFs-Weekday-01-0010000,0,0,1,0,0,0,0,20210819,20210827
SUN 21_22-SUN_MFs-Weekday-01-0001000,0,0,0,1,0,0,0,20210819,20210827
SUN 21_22-SUN_MFs-Weekday-01-0000100,0,0,0,0,1,0,0,20210819,20210827
SUN 21_22-SUN_SAT-Saturday-01,0,0,0,0,0,1,0,20210821,20210828
SUN 21_22-SUN_SUN-Sunday-01,0,0,0,0,0,0,1,20210822,20210829
SUN 21_22-SUN_MFs-Weekday-02,1,1,1,1,1,0,0,20210830,20211018
SUN 21_22-SUN_MFs-Weekday-02-0010000,0,0,1,0,0,0,0,20210830,20211018
SUN 21_22-SUN_MFs-Weekday-02-0001000,0,0,0,1,0,0,0,20210830,20211018
SUN 21_22-SUN_MFs-Weekday-02-0000100,0,0,0,0,1,0,0,20210830,20211018
SUN 21_22-SUN_SAT-Saturday-02,0,0,0,0,0,1,0,20210904,20211016
SUN 21_22-SUN_SUN-Sunday-02,0,0,0,0,0,0,1,20210905,20211017
SUN 21_22-SUN_MFh-Weekday-02,1,1,1,1,1,0,0,20210920,20211001
SUN 21_22-SUN_MFh-Weekday-02-0010000,0,0,1,0,0,0,0,20210920,20211001
SUN 21_22-SUN_MFh-Weekday-02-0001000,0,0,0,1,0,0,0,20210920,20211001
SUN 21_22-SUN_MFh-Weekday-02-0000100,0,0,0,0,1,0,0,20210920,20211001
SUN 21_22-SUN_PH-Sunday-02,0,0,0,0,0,0,1,20211004,20211004
TBS 21_22-TBS_FUL-Weekday-01,1,1,1,1,1,0,0,20210819,20211018
TBS 21_22-TBS_SAT-Saturday-01,0,0,0,0,0,1,0,20210821,20211016
TBS 21_22-TBS_SUN-Sunday-01,0,0,0,0,0,0,1,20210822,20211017
TBS 21_22-TBS_HOL-Weekday-01,1,1,1,1,1,0,0,20210903,20211001
TDEV 21_22-TDEV_FUL-Weekday-01,1,1,1,1,1,0,0,20210819,20211018
TDEV 21_22-TDEV_SAT-Saturday-01,0,0,0,0,0,1,0,20210821,20211016
TDEV 21_22-TDEV_SUN-Sunday-01,0,0,0,0,0,0,1,20210822,20211017
TDEV 21_22-TDEV_HOL-Weekday-01,1,1,1,1,1,0,0,20210903,20211001
TDEV 21_22-TDEV_PH-Special-01,1,1,1,1,1,1,1,20211004,20211004
TDEV 21_22-TDEV_PH-Special-01-1111111,1,1,1,1,1,1,1,20211004,20211004
WBS 21_22-WBS_FUL-Weekday-01,1,1,1,1,1,0,0,20210819,20211018
WBS 21_22-WBS_SAT-Saturday-01,0,0,0,0,0,1,0,20210821,20211016
WBS 21_22-WBS_SUN-Sunday-01,0,0,0,0,0,0,1,20210822,20211017
WBS 21_22-WBS_HSC-Weekday-01,1,1,1,1,1,0,0,20210903,20211001
WBS 21_22-WBS_SUPH-Sunday-01,0,0,0,0,0,0,1,20211004,20211004
